$ 1 7.5e-7 7.619785657297057 54 5 50 5e-11
R 1968 480 1968 448 0 0 40 3.3 0 0 0.5
R 1680 528 1632 528 4 5 38000 1.8 0 0 0.5
34 IR333-A 1 9.32e-11 0 2.418376583796195 0 0.02
162 1472 480 1472 576 2 IR333-A 1 0 0 0.1
r 1472 480 1472 384 0 22
R 1472 384 1472 336 0 0 40 3 0 0 0.5
g 1472 672 1472 688 0 0
w 1472 640 1472 672 1
w 1472 576 1472 608 0
f 1424 624 1472 624 48 0.01 14.367816092
w 1968 480 1968 512 0
r 1968 576 1968 672 0 1000
w 1968 544 1968 576 0
t 1936 528 1968 528 0 1 -6.321471336656959 0.22676376302295242 100 default
215 1776 528 1872 528 0 2 a
g 1872 560 1888 560 0 0
g 1776 656 1776 672 0 0
r 1776 560 1776 656 0 1000000
w 1872 528 1936 528 0
159 1776 528 1680 528 0 20 10000000000
R 1728 464 1728 400 4 5 2000 5 0 0 0.5
w 2064 576 2160 576 0
c 1968 576 2064 576 0 0.000001 -3.24823266678471 0.001
a 2160 560 2256 560 9 3.3 -3.3 1000000 -0.0000024328952015590162 0 100000
r 2160 656 2256 656 0 4700
w 2256 560 2256 656 0
w 2160 656 2160 576 0
r 2256 560 2352 560 0 1000
w 2928 544 3024 544 0
R 1968 672 1968 704 0 0 40 -3.3 0 0 0.5
g 2160 544 2144 544 0 0
r 2832 544 2832 448 0 2000
R 2832 448 2832 416 0 0 40 3.3 0 0 0.5
w 2544 544 2640 544 0
c 2736 544 2832 544 0 3.3e-8 -1.6960566922660267 0.001
r 2832 640 2832 544 0 2000
g 2832 640 2832 656 0 0
g 2544 736 2544 752 0 0
c 2640 544 2640 640 0 9.000000000000001e-9 -0.07415449181875519 0.001
l 2544 544 2544 640 0 0.002 -0.0010442954538338412 0
c 3024 544 3024 640 0 1e-11 1.4745427103484945 0.001
g 3024 640 3024 656 0 0
r 2832 544 2928 544 0 10000
r 3120 544 3120 640 0 100000
g 3120 640 3120 656 0 0
w 3024 544 3120 544 0
403 2160 256 2640 464 0 32_2_0_135426_1.892802356296071_0.0001_-1_2_32_3
403 2928 240 3312 448 0 27_2_0_135426_6.052111088052641_0.0001_-1_2_27_3
403 1024 256 1408 464 0 2_2_0_135426_2.5_0.1_-1_2_2_3
160 1424 624 1328 624 0 20 10000000000
g 1328 608 1312 608 0 0
w 1728 512 1728 464 0
207 1728 464 1776 464 5 data
207 1680 528 1680 576 5 carrier
207 1328 640 1280 640 5 carrier
207 1376 640 1376 688 5 data
r 2544 640 2544 736 0 48
g 2640 640 2640 656 0 0
w 2640 544 2736 544 0
368 3024 544 3024 496 0 4
g 2352 528 2336 528 0 0
r 2448 544 2544 544 0 1000
w 2352 640 2352 560 0
w 2448 544 2448 640 0
r 2352 640 2448 640 0 4700
a 2352 544 2448 544 9 3.3 -3.3 1000000 0.000011433955711851803 0 100000
38 1 F1 0 0 10 -1 Light
